15 105
1 15 
1 2 
1 7 
1 12 
1 5 
1 9 
1 8 
1 6 
1 3 
2 11 
2 5 
2 12 
2 4 
2 6 
2 8 
3 11 
3 1 
3 10 
3 2 
4 14 
4 5 
4 15 
5 10 
5 8 
5 1 
5 9 
5 11 
5 3 
5 14 
5 12 
5 4 
5 15 
5 2 
6 10 
6 9 
6 13 
6 12 
6 11 
7 13 
7 9 
7 6 
7 2 
7 4 
7 8 
7 3 
7 5 
8 2 
8 11 
8 3 
8 10 
8 4 
8 12 
8 7 
8 6 
8 1 
8 15 
9 5 
9 1 
9 7 
9 15 
9 6 
9 2 
9 11 
10 2 
10 3 
10 1 
10 13 
10 11 
10 12 
11 12 
11 8 
11 10 
11 7 
11 13 
11 3 
12 4 
12 2 
12 13 
12 7 
12 15 
12 8 
13 11 
13 4 
13 6 
13 2 
13 3 
13 9 
13 7 
13 1 
13 10 
14 6 
14 4 
14 7 
14 10 
14 15 
14 13 
14 5 
14 12 
14 2 
15 9 
15 1 
15 6 
15 10 
15 5 
15 3 
