90 1602
1 60 
1 7 
1 41 
1 66 
1 22 
1 63 
1 12 
1 71 
1 8 
1 35 
1 80 
1 69 
1 68 
1 54 
1 37 
1 39 
1 36 
2 43 
2 46 
2 31 
2 39 
2 20 
2 3 
2 4 
2 6 
2 48 
2 49 
2 64 
2 84 
2 81 
2 86 
2 73 
3 46 
3 61 
3 40 
3 22 
3 57 
3 54 
3 47 
3 79 
3 7 
3 35 
3 16 
3 28 
3 45 
3 50 
3 66 
3 2 
3 49 
4 80 
4 1 
4 62 
4 26 
4 64 
4 67 
4 85 
4 57 
4 83 
4 70 
4 87 
4 66 
4 11 
4 25 
4 75 
4 29 
4 76 
4 56 
4 86 
4 48 
4 8 
5 10 
5 31 
5 86 
5 72 
5 59 
5 53 
5 81 
5 14 
5 20 
5 24 
5 2 
5 39 
5 62 
6 17 
6 18 
6 78 
6 13 
6 15 
6 85 
6 46 
6 80 
6 39 
6 3 
6 49 
6 1 
6 35 
6 88 
7 66 
7 10 
7 44 
7 55 
7 82 
7 6 
7 47 
7 51 
7 23 
7 68 
7 52 
7 60 
7 39 
7 9 
7 50 
7 27 
7 85 
7 71 
7 73 
7 53 
7 65 
7 8 
7 40 
7 17 
7 22 
8 79 
8 44 
8 49 
8 54 
8 64 
8 78 
8 73 
8 90 
8 59 
8 6 
8 14 
8 52 
8 77 
8 81 
8 24 
8 86 
9 19 
9 87 
9 75 
9 67 
9 26 
9 11 
9 36 
9 37 
9 88 
9 8 
9 45 
9 29 
9 79 
9 34 
9 57 
9 72 
9 17 
9 62 
9 61 
9 65 
9 12 
9 22 
10 61 
10 8 
10 82 
10 87 
10 56 
10 18 
10 67 
10 74 
10 9 
10 21 
10 47 
10 89 
10 72 
10 62 
10 71 
10 43 
10 11 
10 17 
10 57 
11 50 
11 70 
11 32 
11 31 
11 79 
11 1 
11 3 
11 45 
11 21 
11 6 
11 39 
11 16 
11 5 
11 46 
11 8 
11 72 
12 73 
12 88 
12 32 
12 45 
12 5 
12 7 
12 72 
12 67 
12 37 
12 11 
12 84 
12 81 
12 55 
12 49 
12 90 
12 4 
12 85 
12 77 
12 51 
13 61 
13 68 
13 3 
13 44 
13 72 
13 42 
13 50 
13 51 
13 73 
13 82 
13 53 
13 78 
13 19 
13 28 
14 47 
14 35 
14 19 
14 34 
14 83 
14 26 
14 6 
14 4 
14 68 
14 77 
14 43 
14 31 
14 52 
14 17 
14 50 
14 61 
14 7 
14 12 
14 22 
15 22 
15 59 
15 83 
15 9 
15 38 
15 52 
15 88 
15 48 
15 28 
15 33 
15 78 
15 72 
15 27 
15 30 
15 4 
15 62 
15 7 
15 74 
15 40 
16 19 
16 65 
16 11 
16 38 
16 18 
16 72 
16 70 
16 27 
16 45 
16 22 
16 32 
16 20 
16 12 
16 17 
16 42 
16 52 
17 15 
17 12 
17 64 
17 50 
17 53 
17 56 
17 76 
17 57 
17 25 
17 75 
17 41 
17 81 
17 73 
17 47 
17 3 
17 2 
17 51 
17 23 
18 20 
18 10 
18 8 
18 22 
18 9 
18 57 
18 1 
18 28 
18 25 
18 14 
18 83 
18 48 
18 35 
18 40 
19 86 
19 78 
19 81 
19 3 
19 59 
19 50 
19 77 
19 51 
19 4 
19 10 
19 52 
19 40 
19 56 
19 70 
19 45 
19 53 
19 44 
19 20 
19 79 
19 15 
19 31 
19 84 
19 34 
19 66 
19 57 
19 65 
20 14 
20 90 
20 12 
20 57 
20 4 
20 43 
20 50 
20 52 
20 63 
20 21 
20 53 
20 35 
20 29 
20 48 
20 6 
21 90 
21 65 
21 59 
21 57 
21 4 
21 32 
21 47 
21 46 
21 86 
21 71 
21 22 
21 3 
22 8 
22 74 
22 7 
22 36 
22 45 
22 24 
22 73 
22 87 
22 12 
22 13 
22 53 
22 64 
22 44 
22 14 
22 85 
22 78 
22 29 
22 55 
22 54 
22 90 
22 10 
22 48 
22 23 
22 79 
22 46 
22 84 
23 75 
23 5 
23 12 
23 4 
23 20 
23 26 
23 2 
23 40 
23 56 
23 39 
23 10 
23 90 
23 76 
23 7 
23 41 
23 13 
23 47 
23 86 
23 84 
23 72 
24 78 
24 4 
24 44 
24 90 
24 45 
24 68 
24 36 
24 87 
24 17 
24 80 
24 64 
24 86 
24 29 
24 7 
24 67 
24 11 
24 65 
24 21 
24 59 
24 3 
24 38 
24 81 
24 82 
24 57 
25 24 
25 63 
25 43 
25 14 
25 15 
25 16 
25 12 
25 50 
25 89 
25 76 
25 55 
25 37 
25 74 
25 33 
25 64 
26 90 
26 19 
26 32 
26 75 
26 62 
26 9 
26 3 
26 38 
26 22 
26 78 
26 73 
26 86 
26 54 
26 10 
26 76 
26 45 
26 14 
26 50 
26 21 
26 55 
26 28 
26 70 
27 67 
27 62 
27 50 
27 78 
27 56 
27 30 
27 89 
27 28 
27 39 
27 13 
27 73 
27 15 
27 2 
28 56 
28 48 
28 52 
28 61 
28 54 
28 70 
28 4 
28 18 
28 68 
28 83 
28 78 
28 6 
28 14 
28 41 
28 17 
28 79 
28 37 
28 26 
28 7 
28 44 
28 81 
28 36 
28 11 
29 17 
29 28 
29 57 
29 59 
29 68 
29 9 
29 10 
29 2 
29 49 
29 43 
29 23 
29 87 
29 19 
29 60 
29 65 
29 27 
29 80 
29 41 
29 45 
29 30 
30 74 
30 44 
30 59 
30 76 
30 55 
30 70 
30 4 
30 62 
30 19 
30 81 
30 15 
30 79 
30 35 
31 36 
31 48 
31 10 
31 56 
31 46 
31 54 
31 72 
31 64 
31 39 
31 13 
31 84 
31 30 
31 75 
31 35 
31 25 
31 21 
31 38 
31 60 
31 70 
31 52 
31 1 
32 88 
32 46 
32 4 
32 38 
32 31 
32 2 
32 52 
32 20 
32 89 
32 44 
32 24 
32 40 
32 15 
32 63 
33 3 
33 79 
33 20 
33 89 
33 44 
33 54 
33 76 
33 31 
33 39 
33 50 
33 13 
33 75 
33 28 
33 82 
33 52 
33 5 
33 80 
33 26 
33 38 
33 68 
33 23 
34 52 
34 68 
34 76 
34 44 
34 82 
34 62 
34 10 
34 29 
34 86 
34 9 
34 67 
34 47 
34 19 
34 56 
34 88 
34 31 
34 39 
34 4 
34 30 
35 59 
35 60 
35 13 
35 45 
35 79 
35 24 
35 7 
35 47 
35 5 
35 57 
35 10 
35 33 
35 74 
35 26 
36 62 
36 4 
36 12 
36 8 
36 80 
36 44 
36 21 
36 30 
36 7 
36 47 
36 75 
36 61 
36 50 
36 82 
36 15 
36 2 
36 6 
36 84 
36 22 
36 53 
36 78 
37 20 
37 26 
37 40 
37 47 
37 14 
37 1 
37 64 
37 73 
37 36 
37 38 
37 70 
37 51 
38 48 
38 44 
38 75 
38 88 
38 68 
38 42 
38 77 
38 72 
38 63 
38 85 
38 64 
38 56 
38 73 
38 49 
38 12 
38 79 
38 24 
38 74 
38 46 
38 28 
38 41 
38 86 
38 50 
38 4 
38 30 
38 66 
38 17 
39 40 
39 51 
39 6 
39 87 
39 8 
39 9 
39 25 
39 70 
39 66 
39 35 
39 46 
39 54 
39 28 
40 32 
40 14 
40 78 
40 64 
40 37 
40 66 
40 1 
40 29 
40 20 
40 90 
40 16 
40 51 
40 4 
40 55 
40 57 
40 10 
40 43 
40 18 
40 62 
41 83 
41 76 
41 1 
41 69 
41 34 
41 35 
41 90 
41 7 
41 53 
41 87 
41 24 
41 72 
41 88 
41 47 
41 12 
41 39 
41 46 
41 62 
41 70 
41 75 
42 31 
42 77 
42 48 
42 73 
42 53 
42 10 
42 19 
42 9 
42 38 
42 63 
42 65 
42 40 
42 32 
42 16 
43 77 
43 85 
43 61 
43 53 
43 10 
43 6 
43 56 
43 40 
43 24 
43 44 
43 29 
43 39 
43 65 
43 7 
43 28 
43 51 
43 36 
43 13 
44 54 
44 24 
44 45 
44 14 
44 77 
44 36 
44 1 
44 71 
44 42 
44 38 
44 32 
44 60 
44 74 
44 23 
44 69 
45 89 
45 6 
45 12 
45 84 
45 27 
45 36 
45 59 
45 41 
45 34 
45 22 
45 82 
45 4 
45 20 
45 65 
45 85 
45 32 
45 80 
45 37 
45 76 
46 59 
46 81 
46 89 
46 84 
46 5 
46 7 
46 16 
46 13 
47 5 
47 81 
47 60 
47 11 
47 16 
47 66 
47 25 
47 62 
47 85 
47 63 
47 48 
47 8 
47 86 
47 21 
47 26 
48 12 
48 15 
48 63 
48 87 
48 29 
48 49 
48 22 
48 4 
48 37 
48 17 
48 52 
48 5 
48 43 
48 71 
48 26 
48 76 
48 44 
49 9 
49 82 
49 90 
49 66 
49 89 
49 69 
49 61 
49 50 
49 37 
49 63 
49 53 
49 43 
49 68 
49 42 
49 34 
49 71 
49 44 
49 36 
49 23 
49 81 
49 80 
49 39 
49 88 
49 4 
49 75 
49 46 
49 12 
50 44 
50 80 
50 48 
50 39 
50 73 
50 2 
50 21 
50 55 
50 6 
50 67 
50 22 
50 62 
50 72 
50 86 
50 38 
50 66 
50 46 
50 43 
50 4 
50 79 
50 68 
51 14 
51 66 
51 70 
51 64 
51 13 
51 22 
51 57 
51 7 
51 20 
51 65 
51 39 
51 62 
51 25 
51 23 
51 79 
51 71 
51 8 
51 31 
51 85 
52 84 
52 46 
52 12 
52 39 
52 68 
52 16 
52 75 
52 79 
52 87 
52 8 
52 34 
52 32 
52 60 
52 38 
52 1 
52 81 
53 85 
53 28 
53 66 
53 54 
53 73 
53 52 
53 17 
53 47 
53 6 
53 40 
53 59 
53 69 
53 63 
53 81 
53 50 
53 43 
53 27 
53 41 
53 75 
53 38 
53 24 
53 1 
53 4 
53 26 
53 72 
53 30 
53 21 
53 83 
53 11 
54 74 
54 61 
54 18 
54 33 
54 28 
54 1 
54 25 
54 68 
54 42 
54 7 
54 79 
55 46 
55 44 
55 1 
55 29 
55 75 
55 6 
55 63 
55 64 
55 40 
55 62 
55 67 
55 78 
55 8 
55 7 
55 53 
56 45 
56 86 
56 34 
56 64 
56 30 
56 24 
56 11 
56 69 
56 71 
56 1 
56 73 
56 13 
56 39 
56 75 
56 48 
56 12 
56 22 
56 47 
56 2 
56 65 
57 46 
57 28 
57 82 
57 62 
57 90 
57 20 
57 50 
57 74 
57 80 
57 72 
57 56 
57 63 
57 44 
57 30 
57 48 
57 86 
58 45 
58 38 
58 2 
58 15 
58 53 
58 47 
59 31 
59 85 
59 3 
59 80 
59 84 
59 76 
59 37 
59 90 
59 19 
59 26 
59 56 
59 14 
59 23 
59 53 
60 14 
60 16 
60 26 
60 11 
60 21 
60 35 
60 89 
60 6 
60 46 
60 1 
60 30 
60 67 
60 51 
60 52 
61 57 
61 43 
61 88 
61 62 
61 3 
61 90 
61 68 
61 22 
61 38 
61 70 
61 29 
61 64 
61 17 
61 11 
61 33 
61 82 
61 63 
61 46 
61 30 
61 2 
61 75 
61 6 
61 65 
61 59 
61 24 
61 78 
62 43 
62 76 
62 23 
62 63 
62 45 
62 90 
62 78 
62 80 
62 48 
62 47 
62 14 
62 41 
62 18 
62 40 
62 88 
62 44 
62 57 
62 25 
62 67 
63 82 
63 57 
63 6 
63 48 
63 7 
63 87 
63 79 
63 67 
63 85 
63 53 
63 34 
63 31 
63 51 
63 15 
63 24 
64 21 
64 20 
64 6 
64 16 
64 37 
64 72 
64 4 
64 17 
64 15 
64 80 
64 39 
64 65 
64 8 
64 53 
64 55 
64 31 
64 63 
64 2 
64 3 
65 62 
65 79 
65 90 
65 4 
65 18 
65 54 
65 64 
65 7 
65 48 
65 53 
65 60 
66 65 
66 6 
66 47 
66 54 
66 12 
66 25 
66 49 
66 42 
66 3 
66 88 
66 35 
66 17 
66 29 
66 71 
66 39 
66 38 
66 53 
66 28 
66 86 
66 31 
66 60 
66 1 
66 20 
67 23 
67 66 
67 85 
67 15 
67 30 
67 7 
67 61 
67 24 
67 64 
67 10 
67 21 
67 5 
67 28 
67 63 
67 40 
68 75 
68 42 
68 38 
68 79 
68 86 
68 55 
68 83 
68 1 
68 67 
68 43 
68 44 
68 27 
68 89 
68 41 
68 65 
68 56 
68 14 
68 82 
68 7 
68 72 
68 2 
68 53 
68 54 
68 52 
68 32 
69 8 
69 86 
69 42 
69 48 
69 38 
69 49 
69 63 
69 41 
69 55 
69 9 
69 4 
69 18 
69 16 
69 10 
69 84 
69 30 
69 37 
69 21 
69 17 
69 79 
69 64 
69 35 
69 39 
69 45 
69 77 
69 2 
69 54 
69 32 
70 27 
70 4 
70 29 
70 72 
70 90 
70 35 
70 74 
70 40 
70 59 
70 38 
70 69 
70 26 
70 24 
70 60 
70 16 
70 81 
70 34 
71 29 
71 23 
71 82 
71 31 
71 75 
71 47 
71 72 
71 32 
71 89 
71 59 
71 62 
71 50 
71 55 
71 81 
71 69 
71 83 
71 22 
71 45 
71 87 
71 20 
72 78 
72 50 
72 86 
72 85 
72 88 
72 73 
72 48 
72 28 
72 59 
72 47 
72 71 
72 45 
72 90 
73 68 
73 45 
73 57 
73 64 
73 55 
73 50 
73 63 
73 87 
73 89 
73 90 
73 29 
73 4 
73 69 
73 15 
73 85 
73 23 
73 42 
73 60 
73 78 
73 21 
73 26 
73 77 
73 65 
73 47 
73 67 
73 13 
74 47 
74 22 
74 9 
74 55 
74 80 
74 15 
74 62 
74 64 
74 69 
74 30 
74 65 
74 56 
74 77 
74 21 
74 4 
74 19 
75 8 
75 50 
75 20 
75 87 
75 26 
75 15 
75 44 
75 79 
75 7 
75 45 
75 14 
75 3 
75 70 
75 19 
75 34 
75 84 
75 39 
75 6 
75 16 
75 33 
75 37 
75 4 
76 84 
76 2 
76 20 
76 17 
76 82 
76 74 
76 16 
76 72 
76 55 
76 56 
76 7 
76 50 
76 3 
76 60 
76 73 
76 14 
76 89 
77 52 
77 31 
77 38 
77 13 
77 62 
77 23 
77 55 
77 43 
77 71 
77 69 
77 87 
77 30 
77 49 
78 48 
78 15 
78 76 
78 6 
78 55 
78 81 
78 25 
78 4 
78 44 
78 30 
78 32 
78 70 
78 59 
78 62 
78 85 
78 17 
78 66 
78 27 
79 75 
79 28 
79 56 
79 46 
79 16 
79 73 
79 4 
79 55 
79 33 
79 14 
79 66 
79 59 
79 63 
79 52 
79 67 
79 45 
79 15 
79 23 
80 22 
80 19 
80 63 
80 71 
80 18 
80 11 
80 43 
80 46 
80 66 
80 9 
80 84 
80 20 
80 26 
80 62 
81 36 
81 21 
81 49 
81 18 
81 70 
81 59 
81 4 
81 37 
81 75 
81 3 
81 44 
81 22 
82 63 
82 89 
82 12 
82 24 
82 2 
82 68 
82 45 
82 80 
82 39 
82 40 
82 7 
83 47 
83 88 
83 60 
83 41 
83 8 
83 72 
83 84 
83 55 
83 2 
83 43 
83 80 
83 25 
83 7 
83 6 
83 10 
83 79 
83 11 
83 26 
83 68 
84 8 
84 71 
84 87 
84 19 
84 28 
84 43 
84 82 
84 88 
84 89 
84 44 
84 81 
84 69 
84 33 
84 21 
84 25 
84 22 
85 30 
85 82 
85 39 
85 1 
85 14 
85 16 
85 81 
85 9 
85 69 
85 87 
85 26 
85 17 
85 88 
85 32 
85 45 
85 48 
85 41 
85 64 
85 49 
85 80 
85 29 
85 20 
86 75 
86 16 
86 82 
86 79 
86 64 
86 59 
86 46 
86 11 
86 25 
86 57 
86 62 
86 73 
86 40 
86 45 
86 65 
86 36 
86 69 
86 43 
86 67 
86 50 
86 22 
86 47 
87 78 
87 64 
87 60 
87 24 
87 25 
87 89 
87 76 
87 73 
87 32 
87 27 
87 9 
87 21 
87 34 
87 81 
87 42 
87 13 
87 53 
87 86 
87 63 
87 5 
87 6 
88 12 
88 13 
88 4 
88 54 
88 50 
88 52 
88 65 
88 70 
88 37 
88 1 
88 63 
89 68 
89 16 
89 38 
89 26 
89 12 
89 86 
89 44 
89 80 
89 64 
89 18 
89 81 
89 82 
89 84 
89 28 
89 33 
89 4 
89 65 
89 88 
89 23 
89 77 
90 35 
90 50 
90 56 
90 2 
90 21 
90 42 
90 12 
90 22 
90 73 
90 86 
90 82 
90 34 
90 49 
90 27 
90 15 
