50 97
0 49 26
0 11 7
1 49 2
1 4 10
2 44 18
2 36 15
3 22 9
3 18 20
3 10 3
4 40 25
4 33 19
5 3 26
6 5 11
7 21 6
8 5 27
8 1 27
9 41 16
10 1 21
10 44 6
11 24 17
12 7 25
12 35 5
12 20 25
13 38 26
13 15 8
13 12 26
14 31 18
15 1 28
15 45 7
15 8 2
16 13 11
17 14 29
17 41 29
17 5 18
18 18 16
18 25 13
18 45 8
19 40 21
19 32 17
19 46 25
20 26 5
21 12 3
21 4 14
22 17 10
22 45 4
22 36 0
23 4 12
24 1 23
25 12 11
26 34 17
26 8 25
27 24 24
28 43 28
28 21 28
28 42 5
29 32 8
29 22 4
29 28 24
30 21 12
30 25 28
31 44 20
31 23 27
31 8 1
32 11 25
33 33 25
33 32 13
34 32 11
35 5 7
35 19 4
35 48 4
36 1 19
36 2 4
37 11 13
38 3 9
38 31 7
39 21 17
40 40 20
40 35 1
40 47 12
41 29 3
42 12 24
42 45 0
42 37 18
43 22 25
44 2 0
44 7 0
45 41 16
45 36 20
46 9 14
46 26 21
47 20 17
47 26 25
47 28 4
48 31 7
49 13 8
49 33 9
49 46 6