216
498
77
-437
554
-30
-509
-32
-761
984
-301
-55
-58
376
40
-956
207
-686
223
659
-801
-825
135
675
-797
-374
333
-882
-80
327
-843
149
967
-197
-683
-104
-191
-565
-345
-239
-900
-147
-327
920
-383
177
545
-597
750
395
426
-761
802
-171
549
-728
-763
220
-329
161
-591
128
-657
914
678
952
-163
711
-586
-518
-64
614
818
565
-829
-807
-457
530
-257
883
69
223
420
-642
48
778
-90
-221
-203
229
519
-865
471
-899
-672
-917
-209
-932
-794
-515
