9531 991 2351 2521
7311 4221 2261 9431
8901 8261 3671 5011
6341 4941 861 4001
1991 4351 8161 9821
7171 5591 3761 3801
1851 5291 2261 6291
8631 5331 8211 351
5651 341 301 8131
9121 7231 311 3851
8861 5631 5281 7241
2761 2601 2771 561
4251 891 8231 851
7381 6501 6721 1961
2631 9681 971 1911
4221 3301 2141 4051
9911 4321 7331 451
1 7101 8581 3841
4331 4031 5511 8921
4741 6181 7461 7501
9401 9521 2871 161
5101 7681 1681 6431
1451 4671 8581 9261
5501 7001 8261 9681
4461 671 2641 6511
1941 4401 4511 7301
9571 7311 9731 8121
1181 5611 1831 6251
3381 2101 5521 8761
3371 5681 2261 4101
4801 2021 861 9621
151 3861 3461 9171
1321 5321 3201 6721
2961 9371 2481 81
8641 511 3361 1651
1591 1211 7401 3861
6581 1651 7371 7161
5161 2121 5981 7441
6671 51 5961 661
4901 8701 8531 9321
9281 8431 6761 8601
7051 7291 831 5931
2441 4501 351 3431
4531 7621 7271 9921
9241 2411 7381 6851
131 3621 4981 3821
5531 5241 531 9511
7091 6701 1231 2521
4661 8321 8841 8381
1171 791 2521 3501
7031 6741 31 8411
3841 2191 8501 6601
721 9841 5311 1141
3261 8831 5361 841
6681 621 6631 6641
2421 5071 6291 6061
581 7551 3441 1021
3641 7571 7451 7021
2271 8171 7221 271
9361 7341 5801 1651
5581 2891 4051 9691
3171 9111 7831 6331
5231 7401 1801 4301
2321 1471 2331 941
3421 2651 9481 5621
8551 3281 2151 9821
6931 5131 4781 41
7501 1711 1911 6261
9161 851 4721 3741
8451 8701 4361 6481
6781 3871 2661 2861
7321 2731 381 1231
7791 8441 9401 4011
31 3111 5871 6581
3031 371 1021 7691
8121 8121 371 551
6461 6231 2131 9561
5181 6771 7921 1441
2361 4701 7301 9481
6071 6861 4841 8781
2471 9861 8701 7711
8761 4051 8511 2851
8781 431 451 7811
5831 3501 6731 991
551 9751 2601 1161
9981 7911 8371 511
8711 3901 2531 1871
5151 291 1001 4111
1391 3111 9661 3471
3941 3891 4141 7741
5621 5541 8021 9531
1681 9161 7501 1491
9091 8221 3731 8931
951 2671 7071 1281
1241 4701 1971 6241
7871 2141 331 2741
8811 7331 2161 161
5471 3501 9551 9281
2891 5481 2061 3961
9431 7161 6501 8671
6271 2171 3511 781
9471 8851 5311 5231
5011 4981 291 1281
5041 2101 7551 4491
1191 2201 6121 1171
7181 7171 9361 6831
2081 2001 9751 2561
6441 4401 6161 6351
8841 1691 5271 2881
2191 9891 7171 1691
2831 9731 441 3721
8471 6301 51 3051
6961 5021 6691 6211
5761 3781 7931 5861
9071 5351 3671 1451
7141 4241 231 4271
2691 241 2671 4491
481 4751 7471 7791
1081 7911 2571 6131
6161 7511 491 2191
7741 9681 8731 1121
7531 3251 5861 7641
4471 6611 4981 2381
2351 5291 1891 4371
5801 5441 331 3161
5751 3381 6761 8541
6291 3431 7921 9001
8621 7881 6771 751
181 2631 9841 1031
4421 5271 6221 6071
3321 9781 6851 5161
4551 6771 1751 7641
8241 9181 3071 6221
8191 2341 701 4921
9851 4361 3561 6031
1311 1661 5931 9951
7941 8791 5021 6061
6791 5051 6511 6311
2291 261 241 8541
4831 1851 2891 4091
5421 8521 4891 3001
6311 3361 8051 2841
9451 81 1001 7441
3211 6941 7551 1961
4621 5191 3731 5181
1771 5591 8091 1121
3011 7421 3221 3381
9881 6481 8791 8811
8221 8341 41 4411
3921 7001 8371 8641
761 9641 6661 1301
981 2541 1721 3191
7491 6191 2791 6421
5331 3191 6891 8181
2411 5151 9531 1161
6211 1591 9551 2221
591 6401 6941 5011
3441 2021 7141 1511
6631 4581 831 9091
4001 2191 4361 251
7071 7201 5511 8691
5781 3791 8511 1021
611 8181 3331 951
8151 291 9781 8011
7671 741 461 7991
2571 3911 8891 6811
4411 3441 2561 4541
2241 2591 7411 3161
9481 3611 8281 8371
3591 8901 7521 1691
5741 6461 4351 8121
8011 6751 8781 9511
7261 5241 2741 1011
9901 6431 1061 6691
5611 1251 7321 1771
3391 271 6301 2551
8531 5001 5541 1941
1231 4561 5771 4271
7681 5621 3571 8011
6701 6251 7231 5671
431 5571 4511 2101
8111 1331 8751 7181
631 3591 7701 1521
4911 3681 9221 871
5461 6601 1241 5661
8681 1111 2771 5441
2751 8201 8401 6201
6321 2791 2471 2901
311 9281 1031 9341
241 7771 3321 8831
7981 6821 2741 3931
6501 6001 9551 5121
1701 351 2111 2411
9001 6321 7191 7431
9311 801 9151 9111
1861 6491 5641 8051
2391 2591 3981 2411
7661 7751 2761 8341
2851 5951 3891 9221
7861 951 6941 611
9631 8391 321 7381
4311 2931 9141 671
7541 2751 8141 4891
2341 3901 2291 9051
2061 5401 2801 781
9691 5981 8401 2131
2071 4641 611 3921
841 9451 1781 7911
1401 8021 4571 7301
6881 8821 1781 5731
6001 8691 3061 2401
9061 941 8711 2881
2401 9531 2331 9951
5961 8351 4631 9871
5631 6851 7061 1641
371 3151 5521 8661
2261 1041 4951 9141
5321 5331 2391 5571
9771 7271 6951 9591
4261 3821 7791 9551
1651 9701 4051 2811
3081 9121 3691 3591
1251 8111 4581 8731
3961 4941 7521 7051
9841 2401 2201 4611
2971 6771 131 6881
8481 6791 3441 5661
5021 2281 7971 1061
3801 3061 6911 4051
1331 5061 4121 4231
5291 6891 9381 4721
8031 4791 1221 6201
6841 4391 4791 2301
9321 371 3861 6041
2121 9071 9601 8111
1971 7961 9641 6931
3611 7081 7411 781
7271 8931 2621 1101
7881 6881 4841 2781
7751 2711 5271 7201
3241 3741 2451 271
8081 1151 1671 3291
7241 3081 191 2221
5251 2391 3821 1121
3821 871 8641 4091
7851 581 7301 6411
1101 4441 7071 3191
391 1031 4591 4211
271 3041 5611 9861
4601 6161 9931 5261
7901 2141 8701 6321
1481 7681 3361 3221
6751 821 5371 571
3701 3811 781 701
2161 4431 7221 4121
8091 3981 7351 9871
2011 4521 8181 4301
4281 7621 7631 641
6551 1781 7341 1291
5091 2651 4061 1381
8981 201 3811 5831
441 3421 3921 1331
5111 1921 1431 8401
6991 9371 3791 7701
4951 5121 1361 6391
8381 6801 6181 4731
8611 7211 5741 8051
8041 7771 9811 371
3341 8491 3341 8131
411 2821 8231 2581
1931 4761 3081 4451
5491 8751 2541 3101
9011 501 6861 11
4011 8971 1131 7421
621 3631 9511 3341
8301 4261 3951 6091
3951 9451 671 2121
4451 8281 1601 9581
5591 6191 9281 3211
3501 31 3091 5211
4521 651 6921 6461
6011 7961 2151 7961
4761 3471 1151 5331
4041 4901 4251 2041
3221 3481 7811 5281
3791 541 7091 7561
2681 8561 4831 5131
9671 6921 5471 1821
1551 11 831 9771
201 7541 331 6911
3711 8761 9411 5791
871 3341 6571 1071
6541 5781 591 3401
3121 8861 5981 1811
5701 1121 1471 3811
4371 7051 5991 5211
2661 4141 2501 7831
5541 5881 2881 4841
4491 7741 7891 9621
8831 6161 9381 7571
3401 1921 6021 41
8231 9931 281 8651
8791 1981 9811 8711
861 4411 3851 3911
5221 1751 6991 1371
5191 561 7221 1791
2211 9681 7401 9021
6471 5381 9241 8561
6731 4771 9791 2621
4731 5531 4351 3641
1821 7091 7061 8101
5511 3171 8061 5471
7801 7961 7651 2991
5061 8111 711 2361
3751 2591 3011 21
7431 7091 4351 2121
2771 6761 1771 4091
831 6831 6551 4941
121 8631 4951 5931
4781 6181 4771 5861
941 4181 6881 6251
531 4721 5911 7441
9291 9751 8761 7781
4841 3431 9871 3051
6721 8081 9131 2911
7601 3451 671 7131
5081 7501 3761 4241
4191 8911 1791 8951
4681 1781 5971 5441
2861 9691 3641 5621
8741 6201 7841 5401
3581 4491 1571 9551
3071 6431 1751 2391
6191 6831 4331 5131
6391 2241 8041 8801
4341 6961 1081 6801
2551 8771 951 6501
9661 6541 4651 4451
8561 4561 7091 9441
2801 7861 1761 1501
1471 2411 981 8611
6261 8351 4431 8871
2151 4501 9751 1701
7561 5301 8381 3181
2001 4311 581 5721
8351 4501 5801 1401
6971 2821 3951 8241
4561 6801 1661 1151
8051 8401 8251 8361
6711 5721 4331 9991
2911 271 951 7551
1891 8101 1351 2891
4141 1611 9181 1461
2101 9401 6911 6761
2881 7031 9211 7791
3411 2211 2851 3251
501 5091 5701 2781
4161 5171 6141 971
1741 4611 9691 4141
321 8311 3431 3141
8491 101 6371 3411
8941 7241 2181 7271
3731 891 1231 6101
8911 4981 7961 2071
9561 2211 111 4111
4881 3771 9171 7931
4211 3171 9231 9511
5571 9801 4111 8781
1721 1 9931 2921
9971 8451 3011 4041
911 7511 8441 8061
6201 5041 9941 9561
7421 8771 8251 3191
6051 551 1271 4071
8771 7191 7781 3811
9921 6401 6811 5151
5241 2231 5361 8331
8691 8781 651 7401
5271 6391 8081 2011
2841 561 7981 9431
7951 3781 7661 4371
1661 151 5741 1531
331 8741 4201 6341
601 4501 5111 1121
401 241 5321 9831
6801 7001 1641 5931
9111 5161 9411 7831
2051 8251 3081 8681
2201 5731 9181 7741
9601 6681 7231 6651
301 3381 8611 6871
8511 661 5481 81
8881 8561 5151 1051
9721 5201 6501 7171
9681 9991 2671 161
3361 9501 4131 5261
6481 3581 8731 1251
931 1981 3921 6621
7591 9181 7791 5831
8441 2831 9941 4661
2301 1971 1361 5251
4861 7901 8811 5341
6251 6251 6181 3741
5891 8921 4771 1641
7891 5661 801 6981
41 8821 9131 6521
8291 2931 6171 1141
5171 3241 4911 7521
2131 2851 9391 9131
3251 521 9961 9591
9021 8281 4121 5441
7081 8041 4741 2771
2091 3381 51 8791
9411 6051 8471 4111
4751 8401 8451 5121
771 1071 7681 8451
2381 6701 9131 6231
2511 2731 1611 8101
3181 7881 4611 9031
3001 5121 9261 5091
2451 4951 4621 7351
9271 9301 5761 1751
6401 9151 6791 7881
171 4851 3251 5571
4081 4751 641 4141
541 9061 8381 2551
1461 6701 9911 2001
1921 5061 4321 9691
5521 4421 4971 7091
9731 3741 8081 2901
1951 9901 1381 5141
5391 6811 9561 3931
8571 7821 3021 2221
7411 6791 2801 5381
6151 2071 6291 5711
6421 7251 9011 8511
1761 8031 6281 131
661 3931 3741 5211
2021 5561 5751 2271
6131 7681 2471 1061
1341 3481 1511 1101
8021 2431 9961 3991
7341 2811 9471 1601
2951 5511 671 431
4931 8421 2671 7211
4231 4881 1511 1551
1041 1601 891 5121
6381 4161 5361 9511
8991 5281 61 7281
8061 3801 8331 8121
4961 5081 2371 1431
6351 2581 7231 9481
3971 4661 3191 5951
2501 9361 371 2231
9791 8371 8381 751
8001 211 4281 9001
7351 9941 1791 9541
1351 5071 7131 9781
8181 601 6911 5901
711 5761 4801 5221
7911 5331 9121 7361
7121 3091 5561 9061
251 6191 7341 8001
8871 2331 8491 8041
3231 6941 9391 5231
7021 9811 3021 5581
7371 1571 5701 6981
4381 5221 7581 631
281 2021 4531 191
351 5881 4411 4851
6771 9361 571 5971
2111 4251 9251 7391
2331 8631 9781 3781
5451 2041 6691 5591
2281 9301 6531 161
6691 1991 131 1201
1221 9931 591 6991
2871 7971 6291 5441
161 7851 7621 6391
2741 7401 2801 9451
1411 7471 4371 1591
6821 7721 821 3041
5261 1791 7071 1491
7551 7031 5251 1031
9591 7211 7021 9961
5361 4881 9961 1831
3161 5321 221 6551
4051 2021 6151 321
2481 6761 4241 8351
8321 6081 5861 6131
1421 1211 8511 941
3331 1961 1641 5071
2931 6771 7471 6451
1151 9261 1121 3561
5311 6681 441 8461
3061 3831 5871 6381
971 8971 2351 7391
7471 6931 601 9101
5721 7951 7111 6471
1131 6861 6141 5991
4111 5021 3821 7551
4241 7221 6271 1771
221 1761 4061 4101
2651 3861 5731 5211
7111 9151 7161 4771
8101 1941 761 3811
7361 1151 6901 2841
1121 8391 2171 461
2141 141 7381 4551
461 4871 5661 471
5791 5861 2881 2941
6641 4581 8121 3261
6741 7381 9221 7401
4091 5751 2421 8391
8411 6711 3981 161
9861 8431 9051 2411
2041 5861 5951 231
9701 4391 9611 731
8071 3061 2151 9191
5951 6901 6831 5801
7721 8791 8871 1291
5661 2961 7001 9271
6611 6251 8931 1971
2621 7201 5041 1011
1521 9931 3821 9071
1491 3991 1401 5851
211 931 8491 2061
3861 2051 2421 4971
2731 4021 1361 4901
2231 7841 1031 981
7041 9091 3461 8151
1731 7861 2451 7211
5861 8001 561 8571
3621 4121 9421 3351
7301 4871 6031 851
7231 3631 8321 9151
261 3751 6651 3221
3761 6991 9291 9381
9551 611 9991 6711
8601 4211 7501 7591
1671 5381 7091 6361
4891 6211 781 5331
2701 131 1901 4291
1711 9831 4761 2401
9441 2461 8061 3091
8461 8051 2751 5571
7521 951 4651 3911
3111 5491 7901 7811
3301 4291 5661 4371
1161 2831 6651 2931
9381 7161 1481 2251
1641 6601 3771 9211
3091 8611 4391 1751
9621 8421 911 2481
3511 3141 7431 8091
7641 1631 3431 9981
8701 1381 1731 2571
2031 2781 91 5241
1431 1101 8361 6541
4361 7851 7611 6551
7401 7691 1061 9581
2541 2851 1961 8561
8951 1671 9181 5091
9581 9251 7601 7041
6571 5511 9551 9871
9031 7551 9701 2931
4201 9731 121 4741
6591 3551 8821 7811
381 7611 7381 3741
7281 4751 3991 2171
9951 3411 5101 7001
4031 3151 661 2741
2601 1891 201 7931
1441 6711 5681 4971
3771 1991 1281 8471
361 4851 2241 3441
1361 7461 871 4211
7581 8151 7171 2801
1691 7551 5661 2351
3661 6561 7011 6331
9801 1451 6851 2151
9211 9021 4161 6811
7931 2031 7991 7241
8271 3231 2301 7551
4481 791 3391 3031
6561 5491 7961 7821
6451 1981 9621 8411
521 2201 7781 3851
9231 201 1251 5431
5371 9011 6131 1911
2591 7651 4251 1341
8891 9941 2451 4631
21 7391 6091 5981
1751 4741 1621 9511
3851 3831 5021 8001
5121 7521 5941 3791
8581 7571 1361 4561
5561 1921 8121 7841
101 5581 4941 4121
9611 201 3921 71
9711 7401 3021 3441
6141 6141 4761 5571
4711 2691 7821 9681
9891 7451 5481 4521
3881 571 251 8931
7971 1291 4021 6911
1631 2471 4451 5581
8141 1631 1071 8011
3291 9351 6171 2751
8591 4261 5241 7981
7571 1921 3961 821
9131 2931 791 141
9081 4481 2461 2381
1071 191 5391 8481
4671 4341 2631 3121
3351 2781 1671 4741
5851 1931 1621 1931
8521 6331 6221 9911
6181 7621 7611 8451
9741 8461 8091 5951
4811 8481 6411 3061
2251 1111 5901 2341
4541 2871 7191 4031
6241 7201 3861 7511
6101 2701 6751 8221
1621 8811 4061 441
741 2401 1201 3931
6431 2491 3391 6621
4391 3621 5861 9071
9251 7851 6011 4341
4271 8661 3311 4331
731 4681 3221 3651
1571 1 7251 6891
4151 5161 4571 8201
5551 2111 71 9231
801 9651 5451 7881
9641 8011 9391 6641
3021 381 941 2931
6811 1781 2701 8391
1271 7161 9531 921
1511 8111 6831 3461
3471 661 3511 8941
4131 341 971 6681
9651 7501 4541 8631
8211 5101 4291 2281
8851 7291 5541 4101
9221 2891 1511 4501
1871 5291 2341 9401
1611 2401 1171 8071
4061 4281 7261 11
1141 7171 6421 2401
9501 4931 6221 3111
9331 8121 8591 61
9341 9521 4021 9311
6281 8331 8051 7701
8281 6931 811 3961
7451 4141 5931 9431
7461 2161 1671 2571
781 5231 4411 1111
7291 1321 4471 7521
8921 2641 6501 141
1091 6291 71 3371
9181 3761 6131 2131
3601 661 951 6261
3811 421 861 9261
4651 8721 1001 5801
701 3131 3591 4351
2531 871 3961 1521
7391 8621 7731 6911
1211 7021 4281 2451
7921 7031 9251 9831
2311 5281 9881 5471
1051 7301 561 761
291 5531 51 5081
51 1441 7631 7071
4921 2361 1661 7671
1781 2791 2571 3941
3891 4421 4171 2331
4431 571 8841 6591
9261 351 9841 9631
5901 2211 961 8411
6851 9131 2741 7821
3151 951 7701 111
9781 2061 5051 2381
8421 7231 8141 9761
5711 8951 6081 7051
6861 3671 221 1811
5841 2111 8321 8801
3101 111 361 9301
8171 151 6711 541
5681 3531 3721 6531
4641 2441 8201 2531
3491 1171 9601 7681
1811 621 1171 561
6041 1281 3241 4941
511 5591 6011 4371
7331 1381 9011 1271
4181 8921 5881 2581
5911 4111 5951 6791
681 9001 8171 5171
811 3301 6841 8011
751 7711 471 7321
2921 1411 121 6751
6491 4341 1361 6641
3281 51 9121 9781
9511 8511 9201 2241
1281 8721 7351 5911
341 3311 1711 5521
1841 7001 361 9331
1601 7071 7201 591
2461 3691 101 5821
1061 2391 391 6281
1541 8241 6091 9031
4941 5881 7981 5511
5431 9051 5921 3521
9391 7311 6011 5471
3691 5521 561 3081
651 361 5531 4351
4591 6091 9041 8211
5381 7681 8021 9421
7831 5861 6591 9391
11 8841 1011 1561
921 6401 3741 3131
2561 6571 3711 7881
1001 3631 5641 3571
4501 1221 1441 3861
7001 4281 8111 3971
8651 4241 6201 4841
3141 41 9831 2951
8371 9201 9371 1561
9491 8881 7621 1471
8391 1671 5611 3721
9101 6931 1221 5781
2981 9381 1431 641
3131 3081 461 9111
6111 9081 9701 6911
3561 9291 7841 5851
2711 3701 8421 1621
6761 2191 9371 2131
7211 1321 7421 7971
4021 6741 4511 2751
9761 1491 8731 8161
5441 2661 8121 1691
6661 6441 7151 5831
7191 2691 2051 3531
2431 4561 9251 5961
3531 2231 1351 8531
4981 281 1621 2261
1381 8941 2071 11
4581 7621 2041 7521
141 3171 1351 9261
7011 1321 9651 7741
7811 9431 9881 5531
9751 2521 7181 2551
6171 61 3811 3261
2371 2511 4261 5181
4791 9211 7291 5481
1371 2591 7401 8641
2821 9801 9821 7821
9461 3891 7251 4761
491 9851 1161 9101
1581 4331 4031 5851
5201 8231 2021 2291
6871 821 7771 4771
9171 3281 9821 3761
2641 6581 2561 2321
191 5581 6761 4731
6091 8901 6281 3821
891 5581 531 1471
4611 9961 6231 8801
6231 1 5411 3001
6951 9321 4751 821
9371 9451 7081 3181
3671 8311 301 351
2581 5511 591 9441
5971 9971 1721 4381
5341 1861 2521 2171
7771 5811 3701 2051
641 1111 5841 8271
8251 6311 5461 8711
1911 541 501 381
3571 6301 8121 3071
9151 1941 8051 691
7621 7921 1331 9801
451 6211 461 9631
8801 4531 6831 8211
9141 6651 3381 8261
6301 5311 9231 141
4691 201 1971 4031
9831 5911 7271 871
6371 4601 2201 1881
901 631 1571 2391
6901 7921 9581 4311
7481 1641 2851 7891
3741 4371 3551 2481
4871 2431 8131 8291
7701 7941 9001 5471
6121 7341 4221 1281
7961 4161 6661 191
7251 7721 9701 6841
9541 4281 9991 7841
1961 2621 4441 8541
571 6451 4801 6991
8821 601 5861 6271
5691 591 9221 9691
3681 8001 241 5521
9931 6251 5971 9621
2171 6261 3841 2721
2781 4581 7361 9301
5141 7601 1881 1481
3541 8761 5781 301
7441 5211 1341 3701
1021 4611 7201 2941
8311 2181 7461 5651
3901 8531 8551 7171
3521 4801 4231 3351
6411 5341 6481 3851
1981 1671 4411 5611
4301 9841 9251 3391
5731 9371 7891 8431
6831 8401 6921 5371
91 5721 1641 6141
3631 571 3991 941
7651 7961 7941 5531
9961 1441 11 4511
2521 1531 7281 6611
1881 4351 7621 7061
1791 8751 7511 2061
1561 3421 691 5431
5211 6031 1351 1661
7821 8741 4311 6581
5351 6471 9121 801
7061 1591 7311 2031
2721 1691 1431 5891
3651 6461 651 1041
9871 6871 6111 1111
8361 9171 5251 1231
421 7781 3781 7721
231 7591 6881 4841
7201 8241 9231 9651
3991 4691 5911 911
6031 2341 891 6211
671 6031 5291 9581
8501 5121 4611 1341
1031 4291 1801 2541
2901 1111 1891 1921
8721 8681 6011 9361
3931 4991 7351 9111
8661 6011 6471 5331
1201 201 6711 2031
81 7031 2261 7601
3191 5431 2901 2131
5411 8281 7461 8081
9301 671 4481 5181
8331 3221 5331 141
3201 4071 1021 641
111 9471 5391 8621
3911 7611 8111 5981
7161 6011 6561 171
8931 7571 671 4661
9051 8641 9961 211
5051 1491 8191 8851
8341 4201 6071 561
1261 5571 701 4001
71 2281 7671 7611
961 6241 1141 8101
991 741 5891 2791
4401 7991 3051 5231
6361 1771 6671 9881
6601 4881 7421 2101
6921 861 7421 2691
6021 4851 4521 2001
8961 1691 41 7031
5601 8101 8721 6821
3051 8841 7111 4291
5771 971 8931 5171
4571 121 5391 4741
6061 3401 9831 7271
9521 8181 9431 9541
4511 8451 1041 3671
881 311 451 951
4721 6251 761 5391
8731 8211 1821 91
9991 8201 6271 2421
5881 8391 3511 3821
8161 4051 4311 5361
5811 3581 6141 6371
7991 6891 6671 3981
791 3051 8921 9761
2941 2451 781 1001
7611 2001 3961 211
3781 5511 4621 9061
2181 321 4671 8221
8971 8161 7231 7781
9421 2951 2761 6691
4291 4091 5291 9041
1501 8751 7061 6531
3551 9161 8011 2481
8261 3171 5261 8571
9041 9981 7651 8741
4101 8261 2281 1631
5991 7871 5241 4331
3481 8191 3511 8831
2491 9661 9491 8911
5871 131 2381 3761
4971 5471 9201 1341
6911 9021 3861 6311
6891 6211 6971 1551
471 7331 7841 7481
5131 4701 5311 1801
8751 4101 9491 5951
8401 9651 6251 4131
3981 8031 2371 6351
8201 7481 8771 7181
821 7501 9931 611
3431 5401 5761 2951
5031 2631 541 1211
9351 6261 2971 8041
7691 1521 6371 2451
7731 8501 4301 1171
1011 381 4281 7551
5921 6651 8051 3491
1291 4581 6251 2291
1111 9761 2361 4391
3451 8741 2841 6691
2811 5081 1351 4221
7131 6661 8901 6211
5931 3311 9731 901
3831 2451 641 2491
1801 8381 1511 7931
3871 7271 8621 8581
4121 5801 7691 4461
1831 6951 7281 5671
6521 4191 6941 4631
4631 2771 5781 7231
5301 3641 9301 9231
6331 2111 631 6021
1531 4201 1061 6881
9191 4461 1801 5881
61 9461 591 7801
9811 1311 3731 4071
9941 5151 9841 411
6081 4941 4711 621
4351 6421 71 9381
8431 7321 9231 9421
6511 3251 8691 3521
8541 6241 8811 9041
6981 8471 9481 8591
7221 8701 5731 9311
2791 2771 2241 9341
7781 5271 9441 9471
7101 5371 8871 8471
6941 8951 791 4901
1901 2251 9081 5031
3721 4631 2891 7961
7711 9581 7811 6741
4441 5951 941 5891
6531 5791 2591 4221
5401 9231 7831 6701
4991 3991 6851 8281
4071 21 5811 3381
5821 6151 2081 6771
4701 8791 9001 241
2671 3811 1331 6881
7151 4281 7851 1091
7631 7291 1841 2441
6221 581 8551 3151
9201 8151 3931 3411
691 4021 2711 9041
9821 8081 6811 8791
1301 3431 1071 5941
5071 331 1251 8081
2221 3581 691 4721
3311 7141 1331 2441
8131 2391 9151 761
5671 1441 261 8271
4821 71 6601 1451
5281 7941 9561 2281
4171 7351 9771 4331
4321 7611 7071 6591
5481 4851 7431 9901
7761 1531 9391 8161
4771 2441 511 7731
8671 2771 8341 8841
2611 381 4801 8091
5001 8041 7941 4771
561 3801 1231 4171
6621 3451 8741 4291
4851 8661 5761 5851
5981 641 6171 1081
5641 4911 5911 8371
2991 1471 91 2161
5941 6791 4071 1211
7841 4571 3351 2051
851 6621 3001 1231
7511 1861 961 5441
3041 6211 8161 6571
3461 1901 5091 6161
6651 6651 5421 8361
3271 4491 6471 1621
